PropDiameter = 4; %Inches
PropWeight = 0.14; %Oz
tau_cd = 20; %microseconds



PropTestSpeed = [
0
628.3185307
733.0382858
837.758041
942.4777961
1047.197551
1151.917306
1256.637061
1361.356817
1466.076572
1570.796327
1675.516082
1780.235837
1884.955592
1989.675347
];

PropTestTorque = [
0
0.004180438674
0.005649241451
0.007344013887
0.00926475598
0.01152445256
0.01389713397
0.01660876987
0.01954637542
0.02270995063
0.02609949551
0.02971501003
0.03355649422
0.03762394807
0.04191737157
];

PropTestThrust = [
0
0.3647541725
0.4937525993
0.6449921342
0.8184727772
1.009746307
1.218812723
1.454568468
1.703668879
1.979458619
2.273041245
2.584416758
2.91803338
3.273891109
3.647541725
];



